step,x,rust_status,ffi_status,rust_n,rust_nt,rust_anom,rust_exc,rust_norm,ffi_anom,ffi_exc,ffi_norm
1000,0.840187716763467,Normal,Normal,1001,4,0,0,1,0,0,1
1001,0.394382926635444,Normal,Normal,1002,4,0,0,2,0,0,2
1002,0.783099223393947,Normal,Normal,1003,4,0,0,3,0,0,3
1003,0.798440033104271,Normal,Normal,1004,4,0,0,4,0,0,4
1004,0.911647357512265,Normal,Normal,1005,4,0,0,5,0,0,5
1005,0.197551369201392,Normal,Normal,1006,4,0,0,6,0,0,6
1006,0.335222755558789,Normal,Normal,1007,4,0,0,7,0,0,7
1007,0.768229594454169,Normal,Normal,1008,4,0,0,8,0,0,8
1008,0.277774710673839,Normal,Normal,1009,4,0,0,9,0,0,9
1009,0.553969955537468,Normal,Normal,1010,4,0,0,10,0,0,10
1010,0.477397051639855,Normal,Normal,1011,4,0,0,11,0,0,11
1011,0.628870924469084,Normal,Normal,1012,4,0,0,12,0,0,12
1012,0.364784472621977,Normal,Normal,1013,4,0,0,13,0,0,13
1013,0.513400909956545,Normal,Normal,1014,4,0,0,14,0,0,14
1014,0.952229724731296,Normal,Normal,1015,4,0,0,15,0,0,15
1015,0.916195067577064,Normal,Normal,1016,4,0,0,16,0,0,16
1016,0.635711727663875,Normal,Normal,1017,4,0,0,17,0,0,17
1017,0.717296929098666,Normal,Normal,1018,4,0,0,18,0,0,18
1018,0.141602555289865,Normal,Normal,1019,4,0,0,19,0,0,19
1019,0.606968875974417,Normal,Normal,1020,4,0,0,20,0,0,20
1020,0.016300571616739,Normal,Normal,1021,4,0,0,21,0,0,21
1021,0.242886770516634,Normal,Normal,1022,4,0,0,22,0,0,22
1022,0.137231576722115,Normal,Normal,1023,4,0,0,23,0,0,23
1023,0.804176753852516,Normal,Normal,1024,4,0,0,24,0,0,24
1024,0.156679089181125,Normal,Normal,1025,4,0,0,25,0,0,25
1025,0.400944394059479,Normal,Normal,1026,4,0,0,26,0,0,26
1026,0.129790446721017,Normal,Normal,1027,4,0,0,27,0,0,27
1027,0.108808801975101,Normal,Normal,1028,4,0,0,28,0,0,28
1028,0.998924517538399,Excess,Excess,1029,5,0,1,28,0,1,28
1029,0.218256905209273,Normal,Normal,1030,5,0,1,29,0,1,29
1030,0.512932394165546,Normal,Normal,1031,5,0,1,30,0,1,30
1031,0.839112234301865,Normal,Normal,1032,5,0,1,31,0,1,31
1032,0.612639832310379,Normal,Normal,1033,5,0,1,32,0,1,32
1033,0.296031617559493,Normal,Normal,1034,5,0,1,33,0,1,33
1034,0.637552267406136,Normal,Normal,1035,5,0,1,34,0,1,34
1035,0.524287189822644,Normal,Normal,1036,5,0,1,35,0,1,35
1036,0.493582986760885,Normal,Normal,1037,5,0,1,36,0,1,36
1037,0.972775023430586,Normal,Normal,1038,5,0,1,37,0,1,37
1038,0.292516784276813,Normal,Normal,1039,5,0,1,38,0,1,38
1039,0.771357697434723,Normal,Normal,1040,5,0,1,39,0,1,39
1040,0.526744978968054,Normal,Normal,1041,5,0,1,40,0,1,40
1041,0.769913835916668,Normal,Normal,1042,5,0,1,41,0,1,41
1042,0.400228621903807,Normal,Normal,1043,5,0,1,42,0,1,42
1043,0.891529451590031,Normal,Normal,1044,5,0,1,43,0,1,43
1044,0.283314745873213,Normal,Normal,1045,5,0,1,44,0,1,44
1045,0.352458347100765,Normal,Normal,1046,5,0,1,45,0,1,45
1046,0.807724519632757,Normal,Normal,1047,5,0,1,46,0,1,46
1047,0.919026473537087,Normal,Normal,1048,5,0,1,47,0,1,47
1048,0.069755276199430,Normal,Normal,1049,5,0,1,48,0,1,48
1049,0.949327074922621,Normal,Normal,1050,5,0,1,49,0,1,49
1050,0.525995349977165,Normal,Normal,1051,5,0,1,50,0,1,50
1051,0.086055847816169,Normal,Normal,1052,5,0,1,51,0,1,51
1052,0.192213845904917,Normal,Normal,1053,5,0,1,52,0,1,52
1053,0.663226926699281,Normal,Normal,1054,5,0,1,53,0,1,53
1054,0.890232602134347,Normal,Normal,1055,5,0,1,54,0,1,54
1055,0.348892935086042,Normal,Normal,1056,5,0,1,55,0,1,55
1056,0.064171320758760,Normal,Normal,1057,5,0,1,56,0,1,56
1057,0.020023048855364,Normal,Normal,1058,5,0,1,57,0,1,57
1058,0.457701737061143,Normal,Normal,1059,5,0,1,58,0,1,58
1059,0.063095838297158,Normal,Normal,1060,5,0,1,59,0,1,59
1060,0.238279954064637,Normal,Normal,1061,5,0,1,60,0,1,60
1061,0.970634131226689,Normal,Normal,1062,5,0,1,61,0,1,61
1062,0.902208073064685,Normal,Normal,1063,5,0,1,62,0,1,62
1063,0.850919786375016,Normal,Normal,1064,5,0,1,63,0,1,63
1064,0.266665749251842,Normal,Normal,1065,5,0,1,64,0,1,64
1065,0.539760340470821,Normal,Normal,1066,5,0,1,65,0,1,65
1066,0.375206976197660,Normal,Normal,1067,5,0,1,66,0,1,66
1067,0.760248736012727,Normal,Normal,1068,5,0,1,67,0,1,67
1068,0.512535363901407,Normal,Normal,1069,5,0,1,68,0,1,68
1069,0.667723760474473,Normal,Normal,1070,5,0,1,69,0,1,69
1070,0.531606433913112,Normal,Normal,1071,5,0,1,70,0,1,70
1071,0.039280343335122,Normal,Normal,1072,5,0,1,71,0,1,71
1072,0.437637596391141,Normal,Normal,1073,5,0,1,72,0,1,72
1073,0.931835055816919,Normal,Normal,1074,5,0,1,73,0,1,73
1074,0.930809794925153,Normal,Normal,1075,5,0,1,74,0,1,74
1075,0.720952342730016,Normal,Normal,1076,5,0,1,75,0,1,75
1076,0.284293402917683,Normal,Normal,1077,5,0,1,76,0,1,76
1077,0.738534314557910,Normal,Normal,1078,5,0,1,77,0,1,77
1078,0.639978816267103,Normal,Normal,1079,5,0,1,78,0,1,78
1079,0.354048679582775,Normal,Normal,1080,5,0,1,79,0,1,79
1080,0.687861389946193,Normal,Normal,1081,5,0,1,80,0,1,80
1081,0.165974166244268,Normal,Normal,1082,5,0,1,81,0,1,81
1082,0.440104527398944,Normal,Normal,1083,5,0,1,82,0,1,82
1083,0.880075235851109,Normal,Normal,1084,5,0,1,83,0,1,83
1084,0.829201092943549,Normal,Normal,1085,5,0,1,84,0,1,84
1085,0.330337129533291,Normal,Normal,1086,5,0,1,85,0,1,85
1086,0.228968170937151,Normal,Normal,1087,5,0,1,86,0,1,86
1087,0.893372414167970,Normal,Normal,1088,5,0,1,87,0,1,87
1088,0.350360178388655,Normal,Normal,1089,5,0,1,88,0,1,88
1089,0.686669907998294,Normal,Normal,1090,5,0,1,89,0,1,89
1090,0.956468252465129,Normal,Normal,1091,5,0,1,90,0,1,90
1091,0.588640132918954,Normal,Normal,1092,5,0,1,91,0,1,91
1092,0.657304039224982,Normal,Normal,1093,5,0,1,92,0,1,92
1093,0.858676325529814,Normal,Normal,1094,5,0,1,93,0,1,93
1094,0.439559919293970,Normal,Normal,1095,5,0,1,94,0,1,94
1095,0.923969788476825,Normal,Normal,1096,5,0,1,95,0,1,95
1096,0.398436666466296,Normal,Normal,1097,5,0,1,96,0,1,96
1097,0.814766895957291,Normal,Normal,1098,5,0,1,97,0,1,97
1098,0.684218524955213,Normal,Normal,1099,5,0,1,98,0,1,98
1099,0.910972030367702,Normal,Normal,1100,5,0,1,99,0,1,99
1100,0.482490656431764,Normal,Normal,1101,5,0,1,100,0,1,100
1101,0.215824958868325,Normal,Normal,1102,5,0,1,101,0,1,101
1102,0.950252373702824,Normal,Normal,1103,5,0,1,102,0,1,102
1103,0.920128253288567,Normal,Normal,1104,5,0,1,103,0,1,103
1104,0.147660014685243,Normal,Normal,1105,5,0,1,104,0,1,104
1105,0.881062169093639,Normal,Normal,1106,5,0,1,105,0,1,105
1106,0.641080596018583,Normal,Normal,1107,5,0,1,106,0,1,106
1107,0.431953418068588,Normal,Normal,1108,5,0,1,107,0,1,107
1108,0.619596483651549,Normal,Normal,1109,5,0,1,108,0,1,108
1109,0.281059412285686,Normal,Normal,1110,5,0,1,109,0,1,109
1110,0.786002097651362,Normal,Normal,1111,5,0,1,110,0,1,110
1111,0.307457873597741,Normal,Normal,1112,5,0,1,111,0,1,111
1112,0.447033578995615,Normal,Normal,1113,5,0,1,112,0,1,112
1113,0.226106625050306,Normal,Normal,1114,5,0,1,113,0,1,113
1114,0.187533109448850,Normal,Normal,1115,5,0,1,114,0,1,114
1115,0.276234671939164,Normal,Normal,1116,5,0,1,115,0,1,115
1116,0.556443755049258,Normal,Normal,1117,5,0,1,116,0,1,116
1117,0.416501280386001,Normal,Normal,1118,5,0,1,117,0,1,117
1118,0.169607086107135,Normal,Normal,1119,5,0,1,118,0,1,118
1119,0.906803933437914,Normal,Normal,1120,5,0,1,119,0,1,119
1120,0.103171188384295,Normal,Normal,1121,5,0,1,120,0,1,120
1121,0.126075339037925,Normal,Normal,1122,5,0,1,121,0,1,121
1122,0.495444066356868,Normal,Normal,1123,5,0,1,122,0,1,122
1123,0.760475228074938,Normal,Normal,1124,5,0,1,123,0,1,123
1124,0.984751664567739,Normal,Normal,1125,5,0,1,124,0,1,124
1125,0.935003986116499,Normal,Normal,1126,5,0,1,125,0,1,125
1126,0.684445016551763,Normal,Normal,1127,5,0,1,126,0,1,126
1127,0.383188331034034,Normal,Normal,1128,5,0,1,127,0,1,127
1128,0.749770882073790,Normal,Normal,1129,5,0,1,128,0,1,128
1129,0.368663541506976,Normal,Normal,1130,5,0,1,129,0,1,129
1130,0.294160361867398,Normal,Normal,1131,5,0,1,130,0,1,130
1131,0.232261538505554,Normal,Normal,1132,5,0,1,131,0,1,131
1132,0.584488500375301,Normal,Normal,1133,5,0,1,132,0,1,132
1133,0.244412735570222,Normal,Normal,1134,5,0,1,133,0,1,133
1134,0.152389791794121,Normal,Normal,1135,5,0,1,134,0,1,134
1135,0.732148515526205,Normal,Normal,1136,5,0,1,135,0,1,135
1136,0.125474904663861,Normal,Normal,1137,5,0,1,136,0,1,136
1137,0.793470387812704,Normal,Normal,1138,5,0,1,137,0,1,137
1138,0.164101933594793,Normal,Normal,1139,5,0,1,138,0,1,138
1139,0.745071388781071,Normal,Normal,1140,5,0,1,139,0,1,139
1140,0.074529800564051,Normal,Normal,1141,5,0,1,140,0,1,140
1141,0.950104031246156,Normal,Normal,1142,5,0,1,141,0,1,141
1142,0.052529262378812,Normal,Normal,1143,5,0,1,142,0,1,142
1143,0.521563379559666,Normal,Normal,1144,5,0,1,143,0,1,143
1144,0.176210656296462,Normal,Normal,1145,5,0,1,144,0,1,144
1145,0.240062372293323,Normal,Normal,1146,5,0,1,145,0,1,145
1146,0.797798051498830,Normal,Normal,1147,5,0,1,146,0,1,146
1147,0.732654411345720,Normal,Normal,1148,5,0,1,147,0,1,147
1148,0.656563652679324,Normal,Normal,1149,5,0,1,148,0,1,148
1149,0.967405138071626,Normal,Normal,1150,5,0,1,149,0,1,149
1150,0.639458345249295,Normal,Normal,1151,5,0,1,150,0,1,150
1151,0.759734841529280,Normal,Normal,1152,5,0,1,151,0,1,151
1152,0.093480477109551,Normal,Normal,1153,5,0,1,152,0,1,152
1153,0.134902411606163,Normal,Normal,1154,5,0,1,153,0,1,153
1154,0.520210069604218,Normal,Normal,1155,5,0,1,154,0,1,154
1155,0.078232141677290,Normal,Normal,1156,5,0,1,155,0,1,155
1156,0.069906397722661,Normal,Normal,1157,5,0,1,156,0,1,156
1157,0.204655086155981,Normal,Normal,1158,5,0,1,157,0,1,157
1158,0.461420473176986,Normal,Normal,1159,5,0,1,158,0,1,158
1159,0.819677279796451,Normal,Normal,1160,5,0,1,159,0,1,159
1160,0.573318628128618,Normal,Normal,1161,5,0,1,160,0,1,160
1161,0.755580835044384,Normal,Normal,1162,5,0,1,161,0,1,161
1162,0.051938818767667,Normal,Normal,1163,5,0,1,162,0,1,162
1163,0.157807128503919,Normal,Normal,1164,5,0,1,163,0,1,163
1164,0.999993570614606,Excess,Excess,1165,6,0,2,163,0,2,163
1165,0.204328610561788,Normal,Normal,1166,6,0,2,164,0,2,164
1166,0.889955644030124,Normal,Normal,1167,6,0,2,165,0,2,165
1167,0.125468475744128,Normal,Normal,1168,6,0,2,166,0,2,166
1168,0.997798998840153,Excess,Excess,1169,7,0,3,166,0,3,166
1169,0.054057577624917,Normal,Normal,1170,7,0,3,167,0,3,167
1170,0.870539864525199,Normal,Normal,1171,7,0,3,168,0,3,168
1171,0.072328799404204,Normal,Normal,1172,7,0,3,169,0,3,169
1172,0.004161608871073,Normal,Normal,1173,7,0,3,170,0,3,170
1173,0.923069126904011,Normal,Normal,1174,7,0,3,171,0,3,171
1174,0.593892178963870,Normal,Normal,1175,7,0,3,172,0,3,172
1175,0.180372265633196,Normal,Normal,1176,7,0,3,173,0,3,173
1176,0.163131499197334,Normal,Normal,1177,7,0,3,174,0,3,174
1177,0.391690230462700,Normal,Normal,1178,7,0,3,175,0,3,175
1178,0.913026676978916,Normal,Normal,1179,7,0,3,176,0,3,176
1179,0.819695152342319,Normal,Normal,1180,7,0,3,177,0,3,177
1180,0.359095368534327,Normal,Normal,1181,7,0,3,178,0,3,178
1181,0.552485022228211,Normal,Normal,1182,7,0,3,179,0,3,179
1182,0.579429993871599,Normal,Normal,1183,7,0,3,180,0,3,180
1183,0.452575845643878,Normal,Normal,1184,7,0,3,181,0,3,181
1184,0.687387434300035,Normal,Normal,1185,7,0,3,182,0,3,182
1185,0.099640063475817,Normal,Normal,1186,7,0,3,183,0,3,183
1186,0.530807987786829,Normal,Normal,1187,7,0,3,184,0,3,184
1187,0.757293832022697,Normal,Normal,1188,7,0,3,185,0,3,185
1188,0.304295149631798,Normal,Normal,1189,7,0,3,186,0,3,186
1189,0.992228460963815,Normal,Normal,1190,7,0,3,187,0,3,187
1190,0.576971112284809,Normal,Normal,1191,7,0,3,188,0,3,188
1191,0.877613777760416,Normal,Normal,1192,7,0,3,189,0,3,189
1192,0.747809296008199,Normal,Normal,1193,7,0,3,190,0,3,190
1193,0.628909931052476,Normal,Normal,1194,7,0,3,191,0,3,191
1194,0.035420906729996,Normal,Normal,1195,7,0,3,192,0,3,192
1195,0.747802866622806,Normal,Normal,1196,7,0,3,193,0,3,193
1196,0.833238541614264,Normal,Normal,1197,7,0,3,194,0,3,194
1197,0.925376550760120,Normal,Normal,1198,7,0,3,195,0,3,195
1198,0.873271342366934,Normal,Normal,1199,7,0,3,196,0,3,196
1199,0.831037540454417,Normal,Normal,1200,7,0,3,197,0,3,197
1200,0.979434128850698,Normal,Normal,1201,7,0,3,198,0,3,198
1201,0.743811206892133,Normal,Normal,1202,7,0,3,199,0,3,199
1202,0.903366339858621,Normal,Normal,1203,7,0,3,200,0,3,200
1203,0.983595737721771,Normal,Normal,1204,7,0,3,201,0,3,201
1204,0.666880334261805,Normal,Normal,1205,7,0,3,202,0,3,202
1205,0.497258518822491,Normal,Normal,1206,7,0,3,203,0,3,203
1206,0.163968003354967,Normal,Normal,1207,7,0,3,204,0,3,204
1207,0.830011833459139,Normal,Normal,1208,7,0,3,205,0,3,205
1208,0.888948749750853,Normal,Normal,1209,7,0,3,206,0,3,206
1209,0.076994680799544,Normal,Normal,1210,7,0,3,207,0,3,207
1210,0.649706985801458,Normal,Normal,1211,7,0,3,208,0,3,208
1211,0.248044118285179,Normal,Normal,1212,7,0,3,209,0,3,209
1212,0.629479703027755,Normal,Normal,1213,7,0,3,210,0,3,210
1213,0.229136979673058,Normal,Normal,1214,7,0,3,211,0,3,211
1214,0.700619964394718,Normal,Normal,1215,7,0,3,212,0,3,212
1215,0.316867137327790,Normal,Normal,1216,7,0,3,213,0,3,213
1216,0.328777043148875,Normal,Normal,1217,7,0,3,214,0,3,214
1217,0.231427952181548,Normal,Normal,1218,7,0,3,215,0,3,215
1218,0.074160969816148,Normal,Normal,1219,7,0,3,216,0,3,216
1219,0.633072193246335,Normal,Normal,1220,7,0,3,217,0,3,217
1220,0.223656413145363,Normal,Normal,1221,7,0,3,218,0,3,218
1221,0.651132082100958,Normal,Normal,1222,7,0,3,219,0,3,219
1222,0.510685971006751,Normal,Normal,1223,7,0,3,220,0,3,220
1223,0.971465709153563,Normal,Normal,1224,7,0,3,221,0,3,221
1224,0.280042013153434,Normal,Normal,1225,7,0,3,222,0,3,222
1225,0.546106877736747,Normal,Normal,1226,7,0,3,223,0,3,223
1226,0.719268575776368,Normal,Normal,1227,7,0,3,224,0,3,224
1227,0.113280554767698,Normal,Normal,1228,7,0,3,225,0,3,225
1228,0.471483428962529,Normal,Normal,1229,7,0,3,226,0,3,226
1229,0.592539918608963,Normal,Normal,1230,7,0,3,227,0,3,227
1230,0.944318095687777,Normal,Normal,1231,7,0,3,228,0,3,228
1231,0.450917557813227,Normal,Normal,1232,7,0,3,229,0,3,229
1232,0.336351125501096,Normal,Normal,1233,7,0,3,230,0,3,230
1233,0.847684435546398,Normal,Normal,1234,7,0,3,231,0,3,231
1234,0.434513295534998,Normal,Normal,1235,7,0,3,232,0,3,232
1235,0.003231459762901,Normal,Normal,1236,7,0,3,233,0,3,233
1236,0.344942954834551,Normal,Normal,1237,7,0,3,234,0,3,234
1237,0.598481299355626,Normal,Normal,1238,7,0,3,235,0,3,235
1238,0.833243293687701,Normal,Normal,1239,7,0,3,236,0,3,236
1239,0.233891704585403,Normal,Normal,1240,7,0,3,237,0,3,237
1240,0.675475980155170,Normal,Normal,1241,7,0,3,238,0,3,238
1241,0.482950279489160,Normal,Normal,1242,7,0,3,239,0,3,239
1242,0.481935822870582,Normal,Normal,1243,7,0,3,240,0,3,240
1243,0.304955683182925,Normal,Normal,1244,7,0,3,241,0,3,241
1244,0.712087259627879,Normal,Normal,1245,7,0,3,242,0,3,242
1245,0.182555787265301,Normal,Normal,1246,7,0,3,243,0,3,243
1246,0.621822820976377,Normal,Normal,1247,7,0,3,244,0,3,244
1247,0.040864302776754,Normal,Normal,1248,7,0,3,245,0,3,245
1248,0.413983739446849,Normal,Normal,1249,7,0,3,246,0,3,246
1249,0.695983790792525,Normal,Normal,1250,7,0,3,247,0,3,247
1250,0.673936496023089,Normal,Normal,1251,7,0,3,248,0,3,248
1251,0.637640152592212,Normal,Normal,1252,7,0,3,249,0,3,249
1252,0.347115872893482,Normal,Normal,1253,7,0,3,250,0,3,250
1253,0.184622467495501,Normal,Normal,1254,7,0,3,251,0,3,251
1254,0.609105861745775,Normal,Normal,1255,7,0,3,252,0,3,252
1255,0.627157886046916,Normal,Normal,1256,7,0,3,253,0,3,253
1256,0.730729345232248,Normal,Normal,1257,7,0,3,254,0,3,254
1257,0.328374437987804,Normal,Normal,1258,7,0,3,255,0,3,255
1258,0.740438440814614,Normal,Normal,1259,7,0,3,256,0,3,256
1259,0.202212774194777,Normal,Normal,1260,7,0,3,257,0,3,257
1260,0.920914356596768,Normal,Normal,1261,7,0,3,258,0,3,258
1261,0.684756536502391,Normal,Normal,1262,7,0,3,259,0,3,259
1262,0.653130332008004,Normal,Normal,1263,7,0,3,260,0,3,260
1263,0.257265482097864,Normal,Normal,1264,7,0,3,261,0,3,261
1264,0.532440972514451,Normal,Normal,1265,7,0,3,262,0,3,262
1265,0.087643628008664,Normal,Normal,1266,7,0,3,263,0,3,263
1266,0.260496942326427,Normal,Normal,1267,7,0,3,264,0,3,264
1267,0.877383927349001,Normal,Normal,1268,7,0,3,265,0,3,265
1268,0.686124927364290,Normal,Normal,1269,7,0,3,266,0,3,266
1269,0.093740236014128,Normal,Normal,1270,7,0,3,267,0,3,267
1270,0.111275631934404,Normal,Normal,1271,7,0,3,268,0,3,268
1271,0.361600907519460,Normal,Normal,1272,7,0,3,269,0,3,269
1272,0.576690515503287,Normal,Normal,1273,7,0,3,270,0,3,270
1273,0.593211454804987,Normal,Normal,1274,7,0,3,271,0,3,271
1274,0.666556590702385,Normal,Normal,1275,7,0,3,272,0,3,272
1275,0.288777775131166,Normal,Normal,1276,7,0,3,273,0,3,273
1276,0.775767242535949,Normal,Normal,1277,7,0,3,274,0,3,274
1277,0.288379411678761,Normal,Normal,1278,7,0,3,275,0,3,275
1278,0.329642078373581,Normal,Normal,1279,7,0,3,276,0,3,276
1279,0.189750981982797,Normal,Normal,1280,7,0,3,277,0,3,277
1280,0.984363202471286,Normal,Normal,1281,7,0,3,278,0,3,278
1281,0.003578574396670,Normal,Normal,1282,7,0,3,279,0,3,279
1282,0.827391135040671,Normal,Normal,1283,7,0,3,280,0,3,280
1283,0.331479075364769,Normal,Normal,1284,7,0,3,281,0,3,281
1284,0.188201041892171,Normal,Normal,1285,7,0,3,282,0,3,282
1285,0.436496996786445,Normal,Normal,1286,7,0,3,283,0,3,283
1286,0.958636961411685,Normal,Normal,1287,7,0,3,284,0,3,284
1287,0.918930387590080,Normal,Normal,1288,7,0,3,285,0,3,285
1288,0.764871434774250,Normal,Normal,1289,7,0,3,286,0,3,286
1289,0.699075402691960,Normal,Normal,1290,7,0,3,287,0,3,287
1290,0.121143161784858,Normal,Normal,1291,7,0,3,288,0,3,288
1291,0.685785791371018,Normal,Normal,1292,7,0,3,289,0,3,289
1292,0.383831939194351,Normal,Normal,1293,7,0,3,290,0,3,290
1293,0.774273494258523,Normal,Normal,1294,7,0,3,291,0,3,291
1294,0.943051273934543,Normal,Normal,1295,7,0,3,292,0,3,292
1295,0.916272911708802,Normal,Normal,1296,7,0,3,293,0,3,293
1296,0.861917122267187,Normal,Normal,1297,7,0,3,294,0,3,294
1297,0.203548216260970,Normal,Normal,1298,7,0,3,295,0,3,295
1298,0.793656839057803,Normal,Normal,1299,7,0,3,296,0,3,296
1299,0.548042049631476,Normal,Normal,1300,7,0,3,297,0,3,297
1300,0.297288452275097,Normal,Normal,1301,7,0,3,298,0,3,298
1301,0.904932470992208,Normal,Normal,1302,7,0,3,299,0,3,299
1302,0.909642957150936,Normal,Normal,1303,7,0,3,300,0,3,300
1303,0.873978967778385,Normal,Normal,1304,7,0,3,301,0,3,301
1304,0.498143926262856,Normal,Normal,1305,7,0,3,302,0,3,302
1305,0.576199547853321,Normal,Normal,1306,7,0,3,303,0,3,303
1306,0.162756743375212,Normal,Normal,1307,7,0,3,304,0,3,304
1307,0.273911168798804,Normal,Normal,1308,7,0,3,305,0,3,305
1308,0.864578959997743,Normal,Normal,1309,7,0,3,306,0,3,306
1309,0.492398821748793,Normal,Normal,1310,7,0,3,307,0,3,307
1310,0.463662150781602,Normal,Normal,1311,7,0,3,308,0,3,308
1311,0.848942162469029,Normal,Normal,1312,7,0,3,309,0,3,309
1312,0.495977396145463,Normal,Normal,1313,7,0,3,310,0,3,310
1313,0.291053285822272,Normal,Normal,1314,7,0,3,311,0,3,311
1314,0.180421238299459,Normal,Normal,1315,7,0,3,312,0,3,312
1315,0.684178438503295,Normal,Normal,1316,7,0,3,313,0,3,313
1316,0.727550283074379,Normal,Normal,1317,7,0,3,314,0,3,314
1317,0.139058199711144,Normal,Normal,1318,7,0,3,315,0,3,315
1318,0.603108826093376,Normal,Normal,1319,7,0,3,316,0,3,316
1319,0.492421717848629,Normal,Normal,1320,7,0,3,317,0,3,317
1320,0.838133602403104,Normal,Normal,1321,7,0,3,318,0,3,318
1321,0.724251987878233,Normal,Normal,1322,7,0,3,319,0,3,319
1322,0.178207509685308,Normal,Normal,1323,7,0,3,320,0,3,320
1323,0.221965542063117,Normal,Normal,1324,7,0,3,321,0,3,321
1324,0.498525482136756,Normal,Normal,1325,7,0,3,322,0,3,322
1325,0.121258783619851,Normal,Normal,1326,7,0,3,323,0,3,323
1326,0.138238453771919,Normal,Normal,1327,7,0,3,324,0,3,324
1327,0.360442604403943,Normal,Normal,1328,7,0,3,325,0,3,325
1328,0.324806999880821,Normal,Normal,1329,7,0,3,326,0,3,326
1329,0.931895293295383,Normal,Normal,1330,7,0,3,327,0,3,327
1330,0.908484654035419,Normal,Normal,1331,7,0,3,328,0,3,328
1331,0.622095452155918,Normal,Normal,1332,7,0,3,329,0,3,329
1332,0.836827764287591,Normal,Normal,1333,7,0,3,330,0,3,330
1333,0.818127611186355,Normal,Normal,1334,7,0,3,331,0,3,331
1334,0.496074419934303,Normal,Normal,1335,7,0,3,332,0,3,332
1335,0.334971690550447,Normal,Normal,1336,7,0,3,333,0,3,333
1336,0.394327159505337,Normal,Normal,1337,7,0,3,334,0,3,334
1337,0.658831163309515,Normal,Normal,1338,7,0,3,335,0,3,335
1338,0.608882859349251,Normal,Normal,1339,7,0,3,336,0,3,336
1339,0.258906119503081,Normal,Normal,1340,7,0,3,337,0,3,337
1340,0.151229985058308,Normal,Normal,1341,7,0,3,338,0,3,338
1341,0.072545010596514,Normal,Normal,1342,7,0,3,339,0,3,339
1342,0.107848281972110,Normal,Normal,1343,7,0,3,340,0,3,340
1343,0.647207381669432,Normal,Normal,1344,7,0,3,341,0,3,341
1344,0.363598296418786,Normal,Normal,1345,7,0,3,342,0,3,342
1345,0.288269520271569,Normal,Normal,1346,7,0,3,343,0,3,343
1346,0.331385820172727,Normal,Normal,1347,7,0,3,344,0,3,344
1347,0.091148579493165,Normal,Normal,1348,7,0,3,345,0,3,345
1348,0.427327720448375,Normal,Normal,1349,7,0,3,346,0,3,346
1349,0.934494646266103,Normal,Normal,1350,7,0,3,347,0,3,347
1350,0.583570297807455,Normal,Normal,1351,7,0,3,348,0,3,348
1351,0.265461322851479,Normal,Normal,1352,7,0,3,349,0,3,349
1352,0.658746634144336,Normal,Normal,1353,7,0,3,350,0,3,350
1353,0.761777807492763,Normal,Normal,1354,7,0,3,351,0,3,351
1354,0.487426864914596,Normal,Normal,1355,7,0,3,352,0,3,352
1355,0.157272116746753,Normal,Normal,1356,7,0,3,353,0,3,353
1356,0.883036591112614,Normal,Normal,1357,7,0,3,354,0,3,354
1357,0.625665319152176,Normal,Normal,1358,7,0,3,355,0,3,355
1358,0.517714721150696,Normal,Normal,1359,7,0,3,356,0,3,356
1359,0.207843590993434,Normal,Normal,1360,7,0,3,357,0,3,357
1360,0.557560612447560,Normal,Normal,1361,7,0,3,358,0,3,358
1361,0.426199375651777,Normal,Normal,1362,7,0,3,359,0,3,359
1362,0.829939043149352,Normal,Normal,1363,7,0,3,360,0,3,360
1363,0.394388376735151,Normal,Normal,1364,7,0,3,361,0,3,361
1364,0.244326986838132,Normal,Normal,1365,7,0,3,362,0,3,362
1365,0.326013463083655,Normal,Normal,1366,7,0,3,363,0,3,363
1366,0.729360067751259,Normal,Normal,1367,7,0,3,364,0,3,364
1367,0.638654146343470,Normal,Normal,1368,7,0,3,365,0,3,365
1368,0.984844626858830,Normal,Normal,1369,7,0,3,366,0,3,366
1369,0.338242927100509,Normal,Normal,1370,7,0,3,367,0,3,367
1370,0.897560265846550,Normal,Normal,1371,7,0,3,368,0,3,368
1371,0.136074611917138,Normal,Normal,1372,7,0,3,369,0,3,369
1372,0.410787937697023,Normal,Normal,1373,7,0,3,370,0,3,370
1373,0.005408548284322,Normal,Normal,1374,7,0,3,371,0,3,371
1374,0.783281993586570,Normal,Normal,1375,7,0,3,372,0,3,372
1375,0.774386234581470,Normal,Normal,1376,7,0,3,373,0,3,373
1376,0.293678068555892,Normal,Normal,1377,7,0,3,374,0,3,374
1377,0.114667813759297,Normal,Normal,1378,7,0,3,375,0,3,375
1378,0.865534814074636,Normal,Normal,1379,7,0,3,376,0,3,376
1379,0.721005789004266,Normal,Normal,1380,7,0,3,377,0,3,377
1380,0.049162460025400,Normal,Normal,1381,7,0,3,378,0,3,378
1381,0.449105111882091,Normal,Normal,1382,7,0,3,379,0,3,379
1382,0.986467112321407,Normal,Normal,1383,7,0,3,380,0,3,380
1383,0.707909094635397,Normal,Normal,1384,7,0,3,381,0,3,381
1384,0.210882919374853,Normal,Normal,1385,7,0,3,382,0,3,382
1385,0.473893977236003,Normal,Normal,1386,7,0,3,383,0,3,383
1386,0.865181211382151,Normal,Normal,1387,7,0,3,384,0,3,384
1387,0.093919510487467,Normal,Normal,1388,7,0,3,385,0,3,385
1388,0.099559296388179,Normal,Normal,1389,7,0,3,386,0,3,386
1389,0.382895932532847,Normal,Normal,1390,7,0,3,387,0,3,387
1390,0.301763101480901,Normal,Normal,1391,7,0,3,388,0,3,388
1391,0.657119908835739,Normal,Normal,1392,7,0,3,389,0,3,389
1392,0.809095308184624,Normal,Normal,1393,7,0,3,390,0,3,390
1393,0.131702144630253,Normal,Normal,1394,7,0,3,391,0,3,391
1394,0.051508286036551,Normal,Normal,1395,7,0,3,392,0,3,392
1395,0.053422295488417,Normal,Normal,1396,7,0,3,393,0,3,393
1396,0.457715608179569,Normal,Normal,1397,7,0,3,394,0,3,394
1397,0.780868353787810,Normal,Normal,1398,7,0,3,395,0,3,395
1398,0.692076441831887,Normal,Normal,1399,7,0,3,396,0,3,396
1399,0.442560235038400,Normal,Normal,1400,7,0,3,397,0,3,397
1400,0.119111280888319,Normal,Normal,1401,7,0,3,398,0,3,398
1401,0.589636708144099,Normal,Normal,1402,7,0,3,399,0,3,399
1402,0.578634846955538,Normal,Normal,1403,7,0,3,400,0,3,400
1403,0.529899219051003,Normal,Normal,1404,7,0,3,401,0,3,401
1404,0.595045256428421,Normal,Normal,1405,7,0,3,402,0,3,402
1405,0.361916841007769,Normal,Normal,1406,7,0,3,403,0,3,403
1406,0.304285453632474,Normal,Normal,1407,7,0,3,404,0,3,404
1407,0.888723324984312,Normal,Normal,1408,7,0,3,405,0,3,405
1408,0.476584654767066,Normal,Normal,1409,7,0,3,406,0,3,406
1409,0.169820267707109,Normal,Normal,1410,7,0,3,407,0,3,407
1410,0.609729114454240,Normal,Normal,1411,7,0,3,408,0,3,408
1411,0.525747115258127,Normal,Normal,1412,7,0,3,409,0,3,409
1412,0.618925380054861,Normal,Normal,1413,7,0,3,410,0,3,410
1413,0.596196226775646,Normal,Normal,1414,7,0,3,411,0,3,411
1414,0.233656209893525,Normal,Normal,1415,7,0,3,412,0,3,412
1415,0.829808299429715,Normal,Normal,1416,7,0,3,413,0,3,413
1416,0.070090204011649,Normal,Normal,1417,7,0,3,414,0,3,414
1417,0.098837421275675,Normal,Normal,1418,7,0,3,415,0,3,415
1418,0.923727810382843,Normal,Normal,1419,7,0,3,416,0,3,416
1419,0.169649500865489,Normal,Normal,1420,7,0,3,417,0,3,417
1420,0.481733353808522,Normal,Normal,1421,7,0,3,418,0,3,418
1421,0.225490911863744,Normal,Normal,1422,7,0,3,419,0,3,419
1422,0.826769409701228,Normal,Normal,1423,7,0,3,420,0,3,420
1423,0.290828662458807,Normal,Normal,1424,7,0,3,421,0,3,421
1424,0.357193056959659,Normal,Normal,1425,7,0,3,422,0,3,422
1425,0.878277695737779,Normal,Normal,1426,7,0,3,423,0,3,423
1426,0.344250957947224,Normal,Normal,1427,7,0,3,424,0,3,424
1427,0.814908665139228,Normal,Normal,1428,7,0,3,425,0,3,425
1428,0.659146049525589,Normal,Normal,1429,7,0,3,426,0,3,426
1429,0.036327399779111,Normal,Normal,1430,7,0,3,427,0,3,427
1430,0.257468900177628,Normal,Normal,1431,7,0,3,428,0,3,428
1431,0.778257330879569,Normal,Normal,1432,7,0,3,429,0,3,429
1432,0.625964107923210,Normal,Normal,1433,7,0,3,430,0,3,430
1433,0.836103747133166,Normal,Normal,1434,7,0,3,431,0,3,431
1434,0.308156549930573,Normal,Normal,1435,7,0,3,432,0,3,432
1435,0.221009364351630,Normal,Normal,1436,7,0,3,433,0,3,433
1436,0.198020588140935,Normal,Normal,1437,7,0,3,434,0,3,434
1437,0.612442003563046,Normal,Normal,1438,7,0,3,435,0,3,435
1438,0.109732689801604,Normal,Normal,1439,7,0,3,436,0,3,436
1439,0.674605243373662,Normal,Normal,1440,7,0,3,437,0,3,437
1440,0.782262271270156,Normal,Normal,1441,7,0,3,438,0,3,438
1441,0.719461804255843,Normal,Normal,1442,7,0,3,439,0,3,439
1442,0.200352358631790,Normal,Normal,1443,7,0,3,440,0,3,440
1443,0.401187651325017,Normal,Normal,1444,7,0,3,441,0,3,441
1444,0.315658031031489,Normal,Normal,1445,7,0,3,442,0,3,442
1445,0.434008568525314,Normal,Normal,1446,7,0,3,443,0,3,443
1446,0.230995951220393,Normal,Normal,1447,7,0,3,444,0,3,444
1447,0.385748235043138,Normal,Normal,1448,7,0,3,445,0,3,445
1448,0.532845989800990,Normal,Normal,1449,7,0,3,446,0,3,446
1449,0.154723761603236,Normal,Normal,1450,7,0,3,447,0,3,447
1450,0.555397735908628,Normal,Normal,1451,7,0,3,448,0,3,448
1451,0.014579343609512,Normal,Normal,1452,7,0,3,449,0,3,449
1452,0.380214673466980,Normal,Normal,1453,7,0,3,450,0,3,450
1453,0.382167146075517,Normal,Normal,1454,7,0,3,451,0,3,451
1454,0.305408006068319,Normal,Normal,1455,7,0,3,452,0,3,452
1455,0.737407730426639,Normal,Normal,1456,7,0,3,453,0,3,453
1456,0.260444841813296,Normal,Normal,1457,7,0,3,454,0,3,454
1457,0.649658964015543,Normal,Normal,1458,7,0,3,455,0,3,455
1458,0.552316395565867,Normal,Normal,1459,7,0,3,456,0,3,456
1459,0.919590891804546,Normal,Normal,1460,7,0,3,457,0,3,457
1460,0.685986364260316,Normal,Normal,1461,7,0,3,458,0,3,458
1461,0.809785295743495,Normal,Normal,1462,7,0,3,459,0,3,459
1462,0.697848222684115,Normal,Normal,1463,7,0,3,460,0,3,460
1463,0.311950472183526,Normal,Normal,1464,7,0,3,461,0,3,461
1464,0.645889043342322,Normal,Normal,1465,7,0,3,462,0,3,462
1465,0.006004772614688,Normal,Normal,1466,7,0,3,463,0,3,463
1466,0.532959837000817,Normal,Normal,1467,7,0,3,464,0,3,464
1467,0.843909631483257,Normal,Normal,1468,7,0,3,465,0,3,465
1468,0.618446776177734,Normal,Normal,1469,7,0,3,466,0,3,466
1469,0.642692526802421,Normal,Normal,1470,7,0,3,467,0,3,467
1470,0.518514874856919,Normal,Normal,1471,7,0,3,468,0,3,468
1471,0.400709047447890,Normal,Normal,1472,7,0,3,469,0,3,469
1472,0.362154331058264,Normal,Normal,1473,7,0,3,470,0,3,470
1473,0.718867233488709,Normal,Normal,1474,7,0,3,471,0,3,471
1474,0.801896699238569,Normal,Normal,1475,7,0,3,472,0,3,472
1475,0.677812362089753,Normal,Normal,1476,7,0,3,473,0,3,473
1476,0.152875802014023,Normal,Normal,1477,7,0,3,474,0,3,474
1477,0.032892650458962,Normal,Normal,1478,7,0,3,475,0,3,475
1478,0.063560597132891,Normal,Normal,1479,7,0,3,476,0,3,476
1479,0.685721791815013,Normal,Normal,1480,7,0,3,477,0,3,477
1480,0.187616412062198,Normal,Normal,1481,7,0,3,478,0,3,478
1481,0.618958333507180,Normal,Normal,1482,7,0,3,479,0,3,479
1482,0.700301135890186,Normal,Normal,1483,7,0,3,480,0,3,480
1483,0.567831085529178,Normal,Normal,1484,7,0,3,481,0,3,481
1484,0.001125479582697,Normal,Normal,1485,7,0,3,482,0,3,482
1485,0.005709141958505,Normal,Normal,1486,7,0,3,483,0,3,483
1486,0.305238816421479,Normal,Normal,1487,7,0,3,484,0,3,484
1487,0.261570321395993,Normal,Normal,1488,7,0,3,485,0,3,485
1488,0.655368106439710,Normal,Normal,1489,7,0,3,486,0,3,486
1489,0.857555211987346,Normal,Normal,1490,7,0,3,487,0,3,487
1490,0.181161213200539,Normal,Normal,1491,7,0,3,488,0,3,488
1491,0.341354470700026,Normal,Normal,1492,7,0,3,489,0,3,489
1492,0.667340508196503,Normal,Normal,1493,7,0,3,490,0,3,490
1493,0.879009435884655,Normal,Normal,1494,7,0,3,491,0,3,491
1494,0.653304942883551,Normal,Normal,1495,7,0,3,492,0,3,492
1495,0.313229551538825,Normal,Normal,1496,7,0,3,493,0,3,493
1496,0.885014208499342,Normal,Normal,1497,7,0,3,494,0,3,494
1497,0.186264779884368,Normal,Normal,1498,7,0,3,495,0,3,495
1498,0.157139183022082,Normal,Normal,1499,7,0,3,496,0,3,496
1499,0.503460984677076,Normal,Normal,1500,7,0,3,497,0,3,497
1500,0.828957306686789,Normal,Normal,1501,7,0,3,498,0,3,498
1501,0.675654058344662,Normal,Normal,1502,7,0,3,499,0,3,499
1502,0.904170032590628,Normal,Normal,1503,7,0,3,500,0,3,500
1503,0.191111637745053,Normal,Normal,1504,7,0,3,501,0,3,501
1504,0.394521291833371,Normal,Normal,1505,7,0,3,502,0,3,502
1505,0.706066731829196,Normal,Normal,1506,7,0,3,503,0,3,503
1506,0.868923999834806,Normal,Normal,1507,7,0,3,504,0,3,504
1507,0.547397094313055,Normal,Normal,1508,7,0,3,505,0,3,505
1508,0.738959382288158,Normal,Normal,1509,7,0,3,506,0,3,506
1509,0.932484597433358,Normal,Normal,1510,7,0,3,507,0,3,507
1510,0.233118886128068,Normal,Normal,1511,7,0,3,508,0,3,508
1511,0.926575794350356,Normal,Normal,1512,7,0,3,509,0,3,509
1512,0.551442930940539,Normal,Normal,1513,7,0,3,510,0,3,510
1513,0.933420022018254,Normal,Normal,1514,7,0,3,511,0,3,511
1514,0.494406879879534,Normal,Normal,1515,7,0,3,512,0,3,512
1515,0.552568410523236,Normal,Normal,1516,7,0,3,513,0,3,513
1516,0.939129164442420,Normal,Normal,1517,7,0,3,514,0,3,514
1517,0.799645696301013,Normal,Normal,1518,7,0,3,515,0,3,515
1518,0.814138731919229,Normal,Normal,1519,7,0,3,516,0,3,516
1519,0.594497270882130,Normal,Normal,1520,7,0,3,517,0,3,517
1520,0.657200908754021,Normal,Normal,1521,7,0,3,518,0,3,518
1521,0.995299945585430,Normal,Normal,1522,7,0,3,519,0,3,519
1522,0.935851741582155,Normal,Normal,1523,7,0,3,520,0,3,520
1523,0.324541416950524,Normal,Normal,1524,7,0,3,521,0,3,521
1524,0.874309381470084,Normal,Normal,1525,7,0,3,522,0,3,522
1525,0.589156684465706,Normal,Normal,1526,7,0,3,523,0,3,523
1526,0.637770968489349,Normal,Normal,1527,7,0,3,524,0,3,524
1527,0.759323590435088,Normal,Normal,1528,7,0,3,525,0,3,525
1528,0.775421464815736,Normal,Normal,1529,7,0,3,526,0,3,526
1529,0.794910151511431,Normal,Normal,1530,7,0,3,527,0,3,527
1530,0.262784575112164,Normal,Normal,1531,7,0,3,528,0,3,528
1531,0.604378771502525,Normal,Normal,1532,7,0,3,529,0,3,529
1532,0.470564209856093,Normal,Normal,1533,7,0,3,530,0,3,530
1533,0.166954607702792,Normal,Normal,1534,7,0,3,531,0,3,531
1534,0.795490409713238,Normal,Normal,1535,7,0,3,532,0,3,532
1535,0.865085502155125,Normal,Normal,1536,7,0,3,533,0,3,533
1536,0.873021339531988,Normal,Normal,1537,7,0,3,534,0,3,534
1537,0.664414409548044,Normal,Normal,1538,7,0,3,535,0,3,535
1538,0.412482596468180,Normal,Normal,1539,7,0,3,536,0,3,536
1539,0.611980721820146,Normal,Normal,1540,7,0,3,537,0,3,537
1540,0.596899006981403,Normal,Normal,1541,7,0,3,538,0,3,538
1541,0.645601482596248,Normal,Normal,1542,7,0,3,539,0,3,539
1542,0.538556516170502,Normal,Normal,1543,7,0,3,540,0,3,540
1543,0.148341937921941,Normal,Normal,1544,7,0,3,541,0,3,541
1544,0.579021505080163,Normal,Normal,1545,7,0,3,542,0,3,542
1545,0.032963396515697,Normal,Normal,1546,7,0,3,543,0,3,543
1546,0.700910348445177,Normal,Normal,1547,7,0,3,544,0,3,544
1547,0.518150669522583,Normal,Normal,1548,7,0,3,545,0,3,545
1548,0.832609092816710,Normal,Normal,1549,7,0,3,546,0,3,546
1549,0.515049080830067,Normal,Normal,1550,7,0,3,547,0,3,547
1550,0.112647940404713,Normal,Normal,1551,7,0,3,548,0,3,548
1551,0.489810001570731,Normal,Normal,1552,7,0,3,549,0,3,549
1552,0.510349026415497,Normal,Normal,1553,7,0,3,550,0,3,550
1553,0.048499681986868,Normal,Normal,1554,7,0,3,551,0,3,551
1554,0.814351418521255,Normal,Normal,1555,7,0,3,552,0,3,552
1555,0.384658407885581,Normal,Normal,1556,7,0,3,553,0,3,553
1556,0.637656366452575,Normal,Normal,1557,7,0,3,554,0,3,554
1557,0.452122387010604,Normal,Normal,1558,7,0,3,555,0,3,555
1558,0.143981998320669,Normal,Normal,1559,7,0,3,556,0,3,556
1559,0.413077831268311,Normal,Normal,1560,7,0,3,557,0,3,557
1560,0.247032538987696,Normal,Normal,1561,7,0,3,558,0,3,558
1561,0.406766573898494,Normal,Normal,1562,7,0,3,559,0,3,559
1562,0.017456603236496,Normal,Normal,1563,7,0,3,560,0,3,560
1563,0.717596748843789,Normal,Normal,1564,7,0,3,561,0,3,561
1564,0.573721181601286,Normal,Normal,1565,7,0,3,562,0,3,562
1565,0.812947012949735,Normal,Normal,1566,7,0,3,563,0,3,563
1566,0.582682250998914,Normal,Normal,1567,7,0,3,564,0,3,564
1567,0.446742521598935,Normal,Normal,1568,7,0,3,565,0,3,565
1568,0.477361422497779,Normal,Normal,1569,7,0,3,566,0,3,566
1569,0.995164847467095,Normal,Normal,1570,7,0,3,567,0,3,567
1570,0.058723243419081,Normal,Normal,1571,7,0,3,568,0,3,568
1571,0.074260429944843,Normal,Normal,1572,7,0,3,569,0,3,569
1572,0.640766330529004,Normal,Normal,1573,7,0,3,570,0,3,570
1573,0.597279760055244,Normal,Normal,1574,7,0,3,571,0,3,571
1574,0.222602367866784,Normal,Normal,1575,7,0,3,572,0,3,572
1575,0.219787835609168,Normal,Normal,1576,7,0,3,573,0,3,573
1576,0.630243156570941,Normal,Normal,1577,7,0,3,574,0,3,574
1577,0.923512716777623,Normal,Normal,1578,7,0,3,575,0,3,575
1578,0.737938505131751,Normal,Normal,1579,7,0,3,576,0,3,576
1579,0.462852249387652,Normal,Normal,1580,7,0,3,577,0,3,577
1580,0.438561797607690,Normal,Normal,1581,7,0,3,578,0,3,578
1581,0.850586445536464,Normal,Normal,1582,7,0,3,579,0,3,579
1582,0.952662251424044,Normal,Normal,1583,7,0,3,580,0,3,580
1583,0.948910824023187,Normal,Normal,1584,7,0,3,581,0,3,581
1584,0.899086127523333,Normal,Normal,1585,7,0,3,582,0,3,582
1585,0.767013669945300,Normal,Normal,1586,7,0,3,583,0,3,583
1586,0.333569231908768,Normal,Normal,1587,7,0,3,584,0,3,584
1587,0.536742493975908,Normal,Normal,1588,7,0,3,585,0,3,585
1588,0.219136057421565,Normal,Normal,1589,7,0,3,586,0,3,586
1589,0.477551230695099,Normal,Normal,1590,7,0,3,587,0,3,587
1590,0.949820325709879,Normal,Normal,1591,7,0,3,588,0,3,588
1591,0.466168596409261,Normal,Normal,1592,7,0,3,589,0,3,589
1592,0.884317804593593,Normal,Normal,1593,7,0,3,590,0,3,590
1593,0.967276928946376,Normal,Normal,1594,7,0,3,591,0,3,591
1594,0.183765345253050,Normal,Normal,1595,7,0,3,592,0,3,592
1595,0.458038986194879,Normal,Normal,1596,7,0,3,593,0,3,593
1596,0.780223941896111,Normal,Normal,1597,7,0,3,594,0,3,594
1597,0.766447596717626,Normal,Normal,1598,7,0,3,595,0,3,595
1598,0.904781507793814,Normal,Normal,1599,7,0,3,596,0,3,596
1599,0.257585364393890,Normal,Normal,1600,7,0,3,597,0,3,597
1600,0.761612444184721,Normal,Normal,1601,7,0,3,598,0,3,598
1601,0.963504751678556,Normal,Normal,1602,7,0,3,599,0,3,599
1602,0.331845794338733,Normal,Normal,1603,7,0,3,600,0,3,600
1603,0.402378774713725,Normal,Normal,1604,7,0,3,601,0,3,601
1604,0.560784511733800,Normal,Normal,1605,7,0,3,602,0,3,602
1605,0.554448162671179,Normal,Normal,1606,7,0,3,603,0,3,603
1606,0.622166610322893,Normal,Normal,1607,7,0,3,604,0,3,604
1607,0.191027668304741,Normal,Normal,1608,7,0,3,605,0,3,605
1608,0.477960879448801,Normal,Normal,1609,7,0,3,606,0,3,606
1609,0.360105115454644,Normal,Normal,1610,7,0,3,607,0,3,607
1610,0.653879917692393,Normal,Normal,1611,7,0,3,608,0,3,608
1611,0.916522677056491,Normal,Normal,1612,7,0,3,609,0,3,609
1612,0.210691560991108,Normal,Normal,1613,7,0,3,610,0,3,610
1613,0.606542169116437,Normal,Normal,1614,7,0,3,611,0,3,611
1614,0.865433501079679,Normal,Normal,1615,7,0,3,612,0,3,612
1615,0.109777688514441,Normal,Normal,1616,7,0,3,613,0,3,613
1616,0.373555839527398,Normal,Normal,1617,7,0,3,614,0,3,614
1617,0.199002732988447,Normal,Normal,1618,7,0,3,615,0,3,615
1618,0.646520182956010,Normal,Normal,1619,7,0,3,616,0,3,616
1619,0.592691896948963,Normal,Normal,1620,7,0,3,617,0,3,617
1620,0.676553963683546,Normal,Normal,1621,7,0,3,618,0,3,618
1621,0.596340508665890,Normal,Normal,1622,7,0,3,619,0,3,619
1622,0.058860493358225,Normal,Normal,1623,7,0,3,620,0,3,620
1623,0.560871768277138,Normal,Normal,1624,7,0,3,621,0,3,621
1624,0.563617437612265,Normal,Normal,1625,7,0,3,622,0,3,622
1625,0.242625838611275,Normal,Normal,1626,7,0,3,623,0,3,623
1626,0.018910754937679,Normal,Normal,1627,7,0,3,624,0,3,624
1627,0.343841379508376,Normal,Normal,1628,7,0,3,625,0,3,625
1628,0.009073435328901,Normal,Normal,1629,7,0,3,626,0,3,626
1629,0.923692262731493,Normal,Normal,1630,7,0,3,627,0,3,627
1630,0.601426743902266,Normal,Normal,1631,7,0,3,628,0,3,628
1631,0.770685879979283,Normal,Normal,1632,7,0,3,629,0,3,629
1632,0.887197014410049,Normal,Normal,1633,7,0,3,630,0,3,630
1633,0.933272538706660,Normal,Normal,1634,7,0,3,631,0,3,631
1634,0.173064654693007,Normal,Normal,1635,7,0,3,632,0,3,632
1635,0.447981526143849,Normal,Normal,1636,7,0,3,633,0,3,633
1636,0.487720701377839,Normal,Normal,1637,7,0,3,634,0,3,634
1637,0.795231265481561,Normal,Normal,1638,7,0,3,635,0,3,635
1638,0.639009194448590,Normal,Normal,1639,7,0,3,636,0,3,636
1639,0.965681580826640,Normal,Normal,1640,7,0,3,637,0,3,637
1640,0.155336380936205,Normal,Normal,1641,7,0,3,638,0,3,638
1641,0.292889112606645,Normal,Normal,1642,7,0,3,639,0,3,639
1642,0.882204257883132,Normal,Normal,1643,7,0,3,640,0,3,640
1643,0.366027942392975,Normal,Normal,1644,7,0,3,641,0,3,641
1644,0.899431281723082,Normal,Normal,1645,7,0,3,642,0,3,642
1645,0.747637758962810,Normal,Normal,1646,7,0,3,643,0,3,643
1646,0.475805630907416,Normal,Normal,1647,7,0,3,644,0,3,644
1647,0.272987121250480,Normal,Normal,1648,7,0,3,645,0,3,645
1648,0.946640491951257,Normal,Normal,1649,7,0,3,646,0,3,646
1649,0.122325813863426,Normal,Normal,1650,7,0,3,647,0,3,647
1650,0.865679018199444,Normal,Normal,1651,7,0,3,648,0,3,648
1651,0.623194456100464,Normal,Normal,1652,7,0,3,649,0,3,649
1652,0.718666322529316,Normal,Normal,1653,7,0,3,650,0,3,650
1653,0.924539511557668,Normal,Normal,1654,7,0,3,651,0,3,651
1654,0.184066224377602,Normal,Normal,1655,7,0,3,652,0,3,652
1655,0.282283760141581,Normal,Normal,1656,7,0,3,653,0,3,653
1656,0.167165350634605,Normal,Normal,1657,7,0,3,654,0,3,654
1657,0.202976979315281,Normal,Normal,1658,7,0,3,655,0,3,655
1658,0.626125139649957,Normal,Normal,1659,7,0,3,656,0,3,656
1659,0.176238785963506,Normal,Normal,1660,7,0,3,657,0,3,657
1660,0.126669242512435,Normal,Normal,1661,7,0,3,658,0,3,658
1661,0.227551884017885,Normal,Normal,1662,7,0,3,659,0,3,659
1662,0.946924665942788,Normal,Normal,1663,7,0,3,660,0,3,660
1663,0.013866256922483,Normal,Normal,1664,7,0,3,661,0,3,661
1664,0.160824422724545,Normal,Normal,1665,7,0,3,662,0,3,662
1665,0.119989321101457,Normal,Normal,1666,7,0,3,663,0,3,663
1666,0.461847783531994,Normal,Normal,1667,7,0,3,664,0,3,664
1667,0.648545124102384,Normal,Normal,1668,7,0,3,665,0,3,665
1668,0.915220586583018,Normal,Normal,1669,7,0,3,666,0,3,666
1669,0.100856977980584,Normal,Normal,1670,7,0,3,667,0,3,667
1670,0.614226704929024,Normal,Normal,1671,7,0,3,668,0,3,668
1671,0.070556967519224,Normal,Normal,1672,7,0,3,669,0,3,669
1672,0.393746090587229,Normal,Normal,1673,7,0,3,670,0,3,670
1673,0.496430962812155,Normal,Normal,1674,7,0,3,671,0,3,671
1674,0.436584909912199,Normal,Normal,1675,7,0,3,672,0,3,672
1675,0.293177372775972,Normal,Normal,1676,7,0,3,673,0,3,673
1676,0.244068721774966,Normal,Normal,1677,7,0,3,674,0,3,674
1677,0.912390541285276,Normal,Normal,1678,7,0,3,675,0,3,675
1678,0.566164494026452,Normal,Normal,1679,7,0,3,676,0,3,676
1679,0.190709213726223,Normal,Normal,1680,7,0,3,677,0,3,677
1680,0.034716355148703,Normal,Normal,1681,7,0,3,678,0,3,678
1681,0.431843512691557,Normal,Normal,1682,7,0,3,679,0,3,679
1682,0.813903669826686,Normal,Normal,1683,7,0,3,680,0,3,680
1683,0.753382678143680,Normal,Normal,1684,7,0,3,681,0,3,681
1684,0.356383024249226,Normal,Normal,1685,7,0,3,682,0,3,682
1685,0.997969894669950,Excess,Excess,1686,8,0,4,682,0,4,682
1686,0.035666438285261,Normal,Normal,1687,8,0,4,683,0,4,683
1687,0.523548374883831,Normal,Normal,1688,8,0,4,684,0,4,684
1688,0.200946873985231,Normal,Normal,1689,8,0,4,685,0,4,685
1689,0.661791578400880,Normal,Normal,1690,8,0,4,686,0,4,686
1690,0.699787161312997,Normal,Normal,1691,8,0,4,687,0,4,687
1691,0.327616116497666,Normal,Normal,1692,8,0,4,688,0,4,688
1692,0.889343462418765,Normal,Normal,1693,8,0,4,689,0,4,689
1693,0.646711827255785,Normal,Normal,1694,8,0,4,690,0,4,690
1694,0.341482373885810,Normal,Normal,1695,8,0,4,691,0,4,691
1695,0.050167885143310,Normal,Normal,1696,8,0,4,692,0,4,692
1696,0.766701148357242,Normal,Normal,1697,8,0,4,693,0,4,693
1697,0.803330157417804,Normal,Normal,1698,8,0,4,694,0,4,694
1698,0.698713009245694,Normal,Normal,1699,8,0,4,695,0,4,695
1699,0.681921734940261,Normal,Normal,1700,8,0,4,696,0,4,696
1700,0.904187135398388,Normal,Normal,1701,8,0,4,697,0,4,697
1701,0.312939714174718,Normal,Normal,1702,8,0,4,698,0,4,698
1702,0.752478702925146,Normal,Normal,1703,8,0,4,699,0,4,699
1703,0.297933226451278,Normal,Normal,1704,8,0,4,700,0,4,700
1704,0.809370676986873,Normal,Normal,1705,8,0,4,701,0,4,701
1705,0.189063612837344,Normal,Normal,1706,8,0,4,702,0,4,702
1706,0.591110599227250,Normal,Normal,1707,8,0,4,703,0,4,703
1707,0.053439398761839,Normal,Normal,1708,8,0,4,704,0,4,704
1708,0.101454154122621,Normal,Normal,1709,8,0,4,705,0,4,705
1709,0.157275093253702,Normal,Normal,1710,8,0,4,706,0,4,706
1710,0.244148612488061,Normal,Normal,1711,8,0,4,707,0,4,707
1711,0.136170509736985,Normal,Normal,1712,8,0,4,708,0,4,708
1712,0.589118605945259,Normal,Normal,1713,8,0,4,709,0,4,709
1713,0.058052282780409,Normal,Normal,1714,8,0,4,710,0,4,710
1714,0.889553187880665,Normal,Normal,1715,8,0,4,711,0,4,711
1715,0.945501630660146,Normal,Normal,1716,8,0,4,712,0,4,712
1716,0.056022177450359,Normal,Normal,1717,8,0,4,713,0,4,713
1717,0.925219626165926,Normal,Normal,1718,8,0,4,714,0,4,714
1718,0.469050005543977,Normal,Normal,1719,8,0,4,715,0,4,715
1719,0.256969051435590,Normal,Normal,1720,8,0,4,716,0,4,716
1720,0.587011204566807,Normal,Normal,1721,8,0,4,717,0,4,717
1721,0.168837166856974,Normal,Normal,1722,8,0,4,718,0,4,718
1722,0.584585168398917,Normal,Normal,1723,8,0,4,719,0,4,719
1723,0.476354666985571,Normal,Normal,1724,8,0,4,720,0,4,720
1724,0.815548994578421,Normal,Normal,1725,8,0,4,721,0,4,721
1725,0.926067542284727,Normal,Normal,1726,8,0,4,722,0,4,722
1726,0.526522552128881,Normal,Normal,1727,8,0,4,723,0,4,723
1727,0.582250142935663,Normal,Normal,1728,8,0,4,724,0,4,724
1728,0.729397699702531,Normal,Normal,1729,8,0,4,725,0,4,725
1729,0.225235561374575,Normal,Normal,1730,8,0,4,726,0,4,726
1730,0.264171878341585,Normal,Normal,1731,8,0,4,727,0,4,727
1731,0.633584835100919,Normal,Normal,1732,8,0,4,728,0,4,728
1732,0.538175275549293,Normal,Normal,1733,8,0,4,729,0,4,729
1733,0.016650581266731,Normal,Normal,1734,8,0,4,730,0,4,730
1734,0.931518061552197,Normal,Normal,1735,8,0,4,731,0,4,731
1735,0.347545952536166,Normal,Normal,1736,8,0,4,732,0,4,732
1736,0.205714194104075,Normal,Normal,1737,8,0,4,733,0,4,733
1737,0.522628660779446,Normal,Normal,1738,8,0,4,734,0,4,734
1738,0.400985351298004,Normal,Normal,1739,8,0,4,735,0,4,735
1739,0.307168348692358,Normal,Normal,1740,8,0,4,736,0,4,736
1740,0.679903754498810,Normal,Normal,1741,8,0,4,737,0,4,737
1741,0.645133964251727,Normal,Normal,1742,8,0,4,738,0,4,738
1742,0.443338858429343,Normal,Normal,1743,8,0,4,739,0,4,739
1743,0.269022360444069,Normal,Normal,1744,8,0,4,740,0,4,740
1744,0.703186247032136,Normal,Normal,1745,8,0,4,741,0,4,741
1745,0.332892046310008,Normal,Normal,1746,8,0,4,742,0,4,742
1746,0.214523991104215,Normal,Normal,1747,8,0,4,743,0,4,743
1747,0.759208424482495,Normal,Normal,1748,8,0,4,744,0,4,744
1748,0.258111672475934,Normal,Normal,1749,8,0,4,745,0,4,745
1749,0.683573997113854,Normal,Normal,1750,8,0,4,746,0,4,746
1750,0.016177475918084,Normal,Normal,1751,8,0,4,747,0,4,747
1751,0.845122877508402,Normal,Normal,1752,8,0,4,748,0,4,748
1752,0.852411163970828,Normal,Normal,1753,8,0,4,749,0,4,749
1753,0.600762644317001,Normal,Normal,1754,8,0,4,750,0,4,750
1754,0.321477544493973,Normal,Normal,1755,8,0,4,751,0,4,751
1755,0.667960158549249,Normal,Normal,1756,8,0,4,752,0,4,752
1756,0.526830186601728,Normal,Normal,1757,8,0,4,753,0,4,753
1757,0.848000097088516,Normal,Normal,1758,8,0,4,754,0,4,754
1758,0.250210301950574,Normal,Normal,1759,8,0,4,755,0,4,755
1759,0.256227886304259,Normal,Normal,1760,8,0,4,756,0,4,756
1760,0.073235658463091,Normal,Normal,1761,8,0,4,757,0,4,757
1761,0.514382180292159,Normal,Normal,1762,8,0,4,758,0,4,758
1762,0.889812721870840,Normal,Normal,1763,8,0,4,759,0,4,759
1763,0.611410934478045,Normal,Normal,1764,8,0,4,760,0,4,760
1764,0.531032761558890,Normal,Normal,1765,8,0,4,761,0,4,761
1765,0.821330783423036,Normal,Normal,1766,8,0,4,762,0,4,762
1766,0.958956887014210,Normal,Normal,1767,8,0,4,763,0,4,763
1767,0.736746955662966,Normal,Normal,1768,8,0,4,764,0,4,764
1768,0.343959444668144,Normal,Normal,1769,8,0,4,765,0,4,765
1769,0.359942238777876,Normal,Normal,1770,8,0,4,766,0,4,766
1770,0.043915304355323,Normal,Normal,1771,8,0,4,767,0,4,767
1771,0.023863199166954,Normal,Normal,1772,8,0,4,768,0,4,768
1772,0.005076203029603,Normal,Normal,1773,8,0,4,769,0,4,769
1773,0.487254162784666,Normal,Normal,1774,8,0,4,770,0,4,770
1774,0.292885559611022,Normal,Normal,1775,8,0,4,771,0,4,771
1775,0.708262450061738,Normal,Normal,1776,8,0,4,772,0,4,772
1776,0.820146209094673,Normal,Normal,1777,8,0,4,773,0,4,773
1777,0.507409551180899,Normal,Normal,1778,8,0,4,774,0,4,774
1778,0.467470874544233,Normal,Normal,1779,8,0,4,775,0,4,775
1779,0.078257882036269,Normal,Normal,1780,8,0,4,776,0,4,776
1780,0.190983548294753,Normal,Normal,1781,8,0,4,777,0,4,777
1781,0.483648350462317,Normal,Normal,1782,8,0,4,778,0,4,778
1782,0.923380759544671,Normal,Normal,1783,8,0,4,779,0,4,779
1783,0.043394712265581,Normal,Normal,1784,8,0,4,780,0,4,780
1784,0.084410995244980,Normal,Normal,1785,8,0,4,781,0,4,781
1785,0.244858304038644,Normal,Normal,1786,8,0,4,782,0,4,782
1786,0.711354871280491,Normal,Normal,1787,8,0,4,783,0,4,783
1787,0.611241181846708,Normal,Normal,1788,8,0,4,784,0,4,784
1788,0.092858401127160,Normal,Normal,1789,8,0,4,785,0,4,785
1789,0.961565173231065,Normal,Normal,1790,8,0,4,786,0,4,786
1790,0.867469068616629,Normal,Normal,1791,8,0,4,787,0,4,787
1791,0.166094060055912,Normal,Normal,1792,8,0,4,788,0,4,788
1792,0.475947353523225,Normal,Normal,1793,8,0,4,789,0,4,789
1793,0.757281790487468,Normal,Normal,1794,8,0,4,790,0,4,790
1794,0.777504994533956,Normal,Normal,1795,8,0,4,791,0,4,791
1795,0.006980115082115,Normal,Normal,1796,8,0,4,792,0,4,792
1796,0.578612573910505,Normal,Normal,1797,8,0,4,793,0,4,793
1797,0.736461881548166,Normal,Normal,1798,8,0,4,794,0,4,794
1798,0.743727070745081,Normal,Normal,1799,8,0,4,795,0,4,795
1799,0.922572018578649,Normal,Normal,1800,8,0,4,796,0,4,796
1800,0.096404120326042,Normal,Normal,1801,8,0,4,797,0,4,797
1801,0.787642375566065,Normal,Normal,1802,8,0,4,798,0,4,798
1802,0.946435217745602,Normal,Normal,1803,8,0,4,799,0,4,799
1803,0.101480323355645,Normal,Normal,1804,8,0,4,800,0,4,800
1804,0.274896538350731,Normal,Normal,1805,8,0,4,801,0,4,801
1805,0.239320777822286,Normal,Normal,1806,8,0,4,802,0,4,802
1806,0.809742773417383,Normal,Normal,1807,8,0,4,803,0,4,803
1807,0.095042747911066,Normal,Normal,1808,8,0,4,804,0,4,804
1808,0.746730329003185,Normal,Normal,1809,8,0,4,805,0,4,805
1809,0.277213647961617,Normal,Normal,1810,8,0,4,806,0,4,806
1810,0.173300629947335,Normal,Normal,1811,8,0,4,807,0,4,807
1811,0.937713877297938,Normal,Normal,1812,8,0,4,808,0,4,808
1812,0.760861998889595,Normal,Normal,1813,8,0,4,809,0,4,809
1813,0.096681389492005,Normal,Normal,1814,8,0,4,810,0,4,810
1814,0.981108589563519,Normal,Normal,1815,8,0,4,811,0,4,811
1815,0.845272994134575,Normal,Normal,1816,8,0,4,812,0,4,812
1816,0.341539693530649,Normal,Normal,1817,8,0,4,813,0,4,813
1817,0.692463460844010,Normal,Normal,1818,8,0,4,814,0,4,814
1818,0.456514175981283,Normal,Normal,1819,8,0,4,815,0,4,815
1819,0.434398095123470,Normal,Normal,1820,8,0,4,816,0,4,816
1820,0.654028634075075,Normal,Normal,1821,8,0,4,817,0,4,817
1821,0.323983244597912,Normal,Normal,1822,8,0,4,818,0,4,818
1822,0.600492155179381,Normal,Normal,1823,8,0,4,819,0,4,819
1823,0.129975987598300,Normal,Normal,1824,8,0,4,820,0,4,820
1824,0.081265035085380,Normal,Normal,1825,8,0,4,821,0,4,821
1825,0.377997149713337,Normal,Normal,1826,8,0,4,822,0,4,822
1826,0.136956102680415,Normal,Normal,1827,8,0,4,823,0,4,823
1827,0.659877609461546,Normal,Normal,1828,8,0,4,824,0,4,824
1828,0.114459031261504,Normal,Normal,1829,8,0,4,825,0,4,825
1829,0.880683173891157,Normal,Normal,1830,8,0,4,826,0,4,826
1830,0.582449628040195,Normal,Normal,1831,8,0,4,827,0,4,827
1831,0.210863152053207,Normal,Normal,1832,8,0,4,828,0,4,828
1832,0.668325549457222,Normal,Normal,1833,8,0,4,829,0,4,829
1833,0.528884846251458,Normal,Normal,1834,8,0,4,830,0,4,830
1834,0.312343475408852,Normal,Normal,1835,8,0,4,831,0,4,831
1835,0.943222087807953,Normal,Normal,1836,8,0,4,832,0,4,832
1836,0.768205624073744,Normal,Normal,1837,8,0,4,833,0,4,833
1837,0.122086249291897,Normal,Normal,1838,8,0,4,834,0,4,834
1838,0.038264835719019,Normal,Normal,1839,8,0,4,835,0,4,835
1839,0.514935953076929,Normal,Normal,1840,8,0,4,836,0,4,836
1840,0.399299897253513,Normal,Normal,1841,8,0,4,837,0,4,837
1841,0.211565465666354,Normal,Normal,1842,8,0,4,838,0,4,838
1842,0.452649830374867,Normal,Normal,1843,8,0,4,839,0,4,839
1843,0.160161896143109,Normal,Normal,1844,8,0,4,840,0,4,840
1844,0.308246855158359,Normal,Normal,1845,8,0,4,841,0,4,841
1845,0.433758419938385,Normal,Normal,1846,8,0,4,842,0,4,842
1846,0.005434890277684,Normal,Normal,1847,8,0,4,843,0,4,843
1847,0.649786549154669,Normal,Normal,1848,8,0,4,844,0,4,844
1848,0.126221881248057,Normal,Normal,1849,8,0,4,845,0,4,845
1849,0.461949066724628,Normal,Normal,1850,8,0,4,846,0,4,846
1850,0.084184644278139,Normal,Normal,1851,8,0,4,847,0,4,847
1851,0.780250515323132,Normal,Normal,1852,8,0,4,848,0,4,848
1852,0.785932311322540,Normal,Normal,1853,8,0,4,849,0,4,849
1853,0.684676799457520,Normal,Normal,1854,8,0,4,850,0,4,850
1854,0.910226503387094,Normal,Normal,1855,8,0,4,851,0,4,851
1855,0.867197346873581,Normal,Normal,1856,8,0,4,852,0,4,852
1856,0.062673949170858,Normal,Normal,1857,8,0,4,853,0,4,853
1857,0.047182606067508,Normal,Normal,1858,8,0,4,854,0,4,854
1858,0.527074956335127,Normal,Normal,1859,8,0,4,855,0,4,855
1859,0.177132980432361,Normal,Normal,1860,8,0,4,856,0,4,856
1860,0.927865779958665,Normal,Normal,1861,8,0,4,857,0,4,857
1861,0.109524584375322,Normal,Normal,1862,8,0,4,858,0,4,858
1862,0.387996132485569,Normal,Normal,1863,8,0,4,859,0,4,859
1863,0.596191329415888,Normal,Normal,1864,8,0,4,860,0,4,860
1864,0.638409430626780,Normal,Normal,1865,8,0,4,861,0,4,861
1865,0.700339608360082,Normal,Normal,1866,8,0,4,862,0,4,862
1866,0.539413417689502,Normal,Normal,1867,8,0,4,863,0,4,863
1867,0.406615054700524,Normal,Normal,1868,8,0,4,864,0,4,864
1868,0.822425857651979,Normal,Normal,1869,8,0,4,865,0,4,865
1869,0.577678253408521,Normal,Normal,1870,8,0,4,866,0,4,866
1870,0.921551007777452,Normal,Normal,1871,8,0,4,867,0,4,867
1871,0.221725754905492,Normal,Normal,1872,8,0,4,868,0,4,868
1872,0.789243719540536,Normal,Normal,1873,8,0,4,869,0,4,869
1873,0.374200838152319,Normal,Normal,1874,8,0,4,870,0,4,870
1874,0.381887651514262,Normal,Normal,1875,8,0,4,871,0,4,871
1875,0.097490574698895,Normal,Normal,1876,8,0,4,872,0,4,872
1876,0.807959258556366,Normal,Normal,1877,8,0,4,873,0,4,873
1877,0.387322541791946,Normal,Normal,1878,8,0,4,874,0,4,874
1878,0.747277123853564,Normal,Normal,1879,8,0,4,875,0,4,875
1879,0.934181139804423,Normal,Normal,1880,8,0,4,876,0,4,876
1880,0.849271608516574,Normal,Normal,1881,8,0,4,877,0,4,877
1881,0.831461768131703,Normal,Normal,1882,8,0,4,878,0,4,878
1882,0.714431655127555,Normal,Normal,1883,8,0,4,879,0,4,879
1883,0.635203920304775,Normal,Normal,1884,8,0,4,880,0,4,880
1884,0.516138567589223,Normal,Normal,1885,8,0,4,881,0,4,881
1885,0.624658158514649,Normal,Normal,1886,8,0,4,882,0,4,882
1886,0.502401267178357,Normal,Normal,1887,8,0,4,883,0,4,883
1887,0.578812516760081,Normal,Normal,1888,8,0,4,884,0,4,884
1888,0.671840765047818,Normal,Normal,1889,8,0,4,885,0,4,885
1889,0.029476223513484,Normal,Normal,1890,8,0,4,886,0,4,886
1890,0.755945497658104,Normal,Normal,1891,8,0,4,887,0,4,887
1891,0.599706545006484,Normal,Normal,1892,8,0,4,888,0,4,888
1892,0.139000807888806,Normal,Normal,1893,8,0,4,889,0,4,889
1893,0.143941630143672,Normal,Normal,1894,8,0,4,890,0,4,890
1894,0.195897874888033,Normal,Normal,1895,8,0,4,891,0,4,891
1895,0.777410238981247,Normal,Normal,1896,8,0,4,892,0,4,892
1896,0.844281238503754,Normal,Normal,1897,8,0,4,893,0,4,893
1897,0.735311292577535,Normal,Normal,1898,8,0,4,894,0,4,894
1898,0.184025293681771,Normal,Normal,1899,8,0,4,895,0,4,895
1899,0.666707096155733,Normal,Normal,1900,8,0,4,896,0,4,896
1900,0.312989545986056,Normal,Normal,1901,8,0,4,897,0,4,897
1901,0.105576301924884,Normal,Normal,1902,8,0,4,898,0,4,898
1902,0.888432851526886,Normal,Normal,1903,8,0,4,899,0,4,899
1903,0.102233265526593,Normal,Normal,1904,8,0,4,900,0,4,900
1904,0.479777140077204,Normal,Normal,1905,8,0,4,901,0,4,901
1905,0.270320503041148,Normal,Normal,1906,8,0,4,902,0,4,902
1906,0.199723840691149,Normal,Normal,1907,8,0,4,903,0,4,903
1907,0.287736398633569,Normal,Normal,1908,8,0,4,904,0,4,904
1908,0.657643044833094,Normal,Normal,1909,8,0,4,905,0,4,905
1909,0.947000964544713,Normal,Normal,1910,8,0,4,906,0,4,906
1910,0.221917538437992,Normal,Normal,1911,8,0,4,907,0,4,907
1911,0.506914653815329,Normal,Normal,1912,8,0,4,908,0,4,908
1912,0.778462733142078,Normal,Normal,1913,8,0,4,909,0,4,909
1913,0.936349194031209,Normal,Normal,1914,8,0,4,910,0,4,910
1914,0.142118574120104,Normal,Normal,1915,8,0,4,911,0,4,911
1915,0.294601300731301,Normal,Normal,1916,8,0,4,912,0,4,912
1916,0.561007352545857,Normal,Normal,1917,8,0,4,913,0,4,913
1917,0.644519841298461,Normal,Normal,1918,8,0,4,914,0,4,914
1918,0.873413817957044,Normal,Normal,1919,8,0,4,915,0,4,915
1919,0.232848117593676,Normal,Normal,1920,8,0,4,916,0,4,916
1920,0.673996064811945,Normal,Normal,1921,8,0,4,917,0,4,917
1921,0.629359315615147,Normal,Normal,1922,8,0,4,918,0,4,918
1922,0.832554663065821,Normal,Normal,1923,8,0,4,919,0,4,919
1923,0.812996872700751,Normal,Normal,1924,8,0,4,920,0,4,920
1924,0.773300945758820,Normal,Normal,1925,8,0,4,921,0,4,921
1925,0.028452537953854,Normal,Normal,1926,8,0,4,922,0,4,922
1926,0.590407111681998,Normal,Normal,1927,8,0,4,923,0,4,923
1927,0.617582184728235,Normal,Normal,1928,8,0,4,924,0,4,924
1928,0.763763830531389,Normal,Normal,1929,8,0,4,925,0,4,925
1929,0.774432405829430,Normal,Normal,1930,8,0,4,926,0,4,926
1930,0.284289280883968,Normal,Normal,1931,8,0,4,927,0,4,927
1931,0.076753376517445,Normal,Normal,1932,8,0,4,928,0,4,928
1932,0.880008707754314,Normal,Normal,1933,8,0,4,929,0,4,929
1933,0.172722132410854,Normal,Normal,1934,8,0,4,930,0,4,930
1934,0.178986642509699,Normal,Normal,1935,8,0,4,931,0,4,931
1935,0.359785847831517,Normal,Normal,1936,8,0,4,932,0,4,932
1936,0.443042635452002,Normal,Normal,1937,8,0,4,933,0,4,933
1937,0.378710483200848,Normal,Normal,1938,8,0,4,934,0,4,934
1938,0.647522246930748,Normal,Normal,1939,8,0,4,935,0,4,935
1939,0.100685680750757,Normal,Normal,1940,8,0,4,936,0,4,936
1940,0.325711447745562,Normal,Normal,1941,8,0,4,937,0,4,937
1941,0.869439785368741,Normal,Normal,1942,8,0,4,938,0,4,938
1942,0.607600334566087,Normal,Normal,1943,8,0,4,939,0,4,939
1943,0.104174180887640,Normal,Normal,1944,8,0,4,940,0,4,940
1944,0.805788979399949,Normal,Normal,1945,8,0,4,941,0,4,941
1945,0.749718908686191,Normal,Normal,1946,8,0,4,942,0,4,942
1946,0.398775482084602,Normal,Normal,1947,8,0,4,943,0,4,943
1947,0.366796332411468,Normal,Normal,1948,8,0,4,944,0,4,944
1948,0.394238749984652,Normal,Normal,1949,8,0,4,945,0,4,945
1949,0.272189300041646,Normal,Normal,1950,8,0,4,946,0,4,946
1950,0.599644450005144,Normal,Normal,1951,8,0,4,947,0,4,947
1951,0.068234814796597,Normal,Normal,1952,8,0,4,948,0,4,948
1952,0.901548615656793,Normal,Normal,1953,8,0,4,949,0,4,949
1953,0.432199113070965,Normal,Normal,1954,8,0,4,950,0,4,950
1954,0.881231687497348,Normal,Normal,1955,8,0,4,951,0,4,951
1955,0.674849561415613,Normal,Normal,1956,8,0,4,952,0,4,952
1956,0.460651651024818,Normal,Normal,1957,8,0,4,953,0,4,953
1957,0.471638799645007,Normal,Normal,1958,8,0,4,954,0,4,954
1958,0.292431746143848,Normal,Normal,1959,8,0,4,955,0,4,955
1959,0.224415481556207,Normal,Normal,1960,8,0,4,956,0,4,956
1960,0.246071205474436,Normal,Normal,1961,8,0,4,957,0,4,957
1961,0.576721027493477,Normal,Normal,1962,8,0,4,958,0,4,958
1962,0.301168858539313,Normal,Normal,1963,8,0,4,959,0,4,959
1963,0.126079913228750,Normal,Normal,1964,8,0,4,960,0,4,960
1964,0.749443159904331,Normal,Normal,1965,8,0,4,961,0,4,961
1965,0.480155501049012,Normal,Normal,1966,8,0,4,962,0,4,962
1966,0.485865761060268,Normal,Normal,1967,8,0,4,963,0,4,963
1967,0.192485795821995,Normal,Normal,1968,8,0,4,964,0,4,964
1968,0.858865984249860,Normal,Normal,1969,8,0,4,965,0,4,965
1969,0.133388007991016,Normal,Normal,1970,8,0,4,966,0,4,966
1970,0.293171476572752,Normal,Normal,1971,8,0,4,967,0,4,967
1971,0.184577431995422,Normal,Normal,1972,8,0,4,968,0,4,968
1972,0.002827793825418,Normal,Normal,1973,8,0,4,969,0,4,969
1973,0.900771811138839,Normal,Normal,1974,8,0,4,970,0,4,970
1974,0.288751613348722,Normal,Normal,1975,8,0,4,971,0,4,971
1975,0.808616773225367,Normal,Normal,1976,8,0,4,972,0,4,972
1976,0.650490719825029,Normal,Normal,1977,8,0,4,973,0,4,973
1977,0.687527095433325,Normal,Normal,1978,8,0,4,974,0,4,974
1978,0.175413105636835,Normal,Normal,1979,8,0,4,975,0,4,975
1979,0.044729469809681,Normal,Normal,1980,8,0,4,976,0,4,976
1980,0.959716395474970,Normal,Normal,1981,8,0,4,977,0,4,977
1981,0.775057556107640,Normal,Normal,1982,8,0,4,978,0,4,978
1982,0.112964284606278,Normal,Normal,1983,8,0,4,979,0,4,979
1983,0.861265011131763,Normal,Normal,1984,8,0,4,980,0,4,980
1984,0.207256669178605,Normal,Normal,1985,8,0,4,981,0,4,981
1985,0.994195972103626,Normal,Normal,1986,8,0,4,982,0,4,982
1986,0.536114572547376,Normal,Normal,1987,8,0,4,983,0,4,983
1987,0.667908320669085,Normal,Normal,1988,8,0,4,984,0,4,984
1988,0.465834771748632,Normal,Normal,1989,8,0,4,985,0,4,985
1989,0.828546319156885,Normal,Normal,1990,8,0,4,986,0,4,986
1990,0.892323802225292,Normal,Normal,1991,8,0,4,987,0,4,987
1991,0.711905977223068,Normal,Normal,1992,8,0,4,988,0,4,988
1992,0.405267346650362,Normal,Normal,1993,8,0,4,989,0,4,989
1993,0.193492660764605,Normal,Normal,1994,8,0,4,990,0,4,990
1994,0.837985890451819,Normal,Normal,1995,8,0,4,991,0,4,991
1995,0.154710506554693,Normal,Normal,1996,8,0,4,992,0,4,992
1996,0.673648161813617,Normal,Normal,1997,8,0,4,993,0,4,993
1997,0.323851651977748,Normal,Normal,1998,8,0,4,994,0,4,994
1998,0.347196302376688,Normal,Normal,1999,8,0,4,995,0,4,995
1999,0.532514146063477,Normal,Normal,2000,8,0,4,996,0,4,996
2000,0.457239659968764,Normal,Normal,2001,8,0,4,997,0,4,997
3000,0.086051661521196,Normal,Normal,3001,10,0,6,1995,0,6,1995
4000,0.058758690487593,Normal,Normal,4001,12,0,8,2993,0,8,2993
5000,0.456151469610631,Normal,Normal,5001,18,0,14,3987,0,14,3987
6000,0.322409227024764,Normal,Normal,6001,20,0,16,4985,0,16,4985
7000,0.559326954651624,Normal,Normal,7001,22,0,18,5983,0,18,5983
8000,0.054997710976750,Normal,Normal,8001,25,0,21,6980,0,21,6980
9000,0.424425379373133,Normal,Normal,9001,32,0,28,7973,0,28,7973
10000,0.103931975550950,Normal,Normal,10001,34,0,30,8971,0,30,8971
11000,0.041470647323877,Normal,Normal,11001,39,0,35,9966,0,35,9966
12000,0.543116799090058,Normal,Normal,12001,41,0,37,10964,0,37,10964
13000,0.282954942900687,Normal,Normal,13001,46,0,42,11959,0,42,11959
14000,0.337648815009743,Normal,Normal,14001,49,0,45,12956,0,45,12956
15000,0.790519560687244,Normal,Normal,15001,52,0,48,13953,0,48,13953
16000,0.382056932896376,Normal,Normal,16001,53,0,49,14952,0,49,14952
17000,0.486246522516012,Normal,Normal,17001,59,0,55,15946,0,55,15946
18000,0.735466536134481,Normal,Normal,18001,61,0,57,16944,0,57,16944
19000,0.336202509701252,Normal,Normal,19001,64,0,60,17941,0,60,17941
20000,0.576149294152856,Normal,Normal,20000,66,1,62,18938,1,62,18938
21000,0.396383491344750,Normal,Normal,21000,70,1,66,19934,1,66,19934
22000,0.309674283955246,Normal,Normal,22000,71,1,67,20933,1,67,20933
23000,0.207527819555253,Normal,Normal,23000,73,1,69,21931,1,69,21931
24000,0.448486028704792,Normal,Normal,24000,76,1,72,22928,1,72,22928
25000,0.643493301700801,Normal,Normal,25000,80,1,76,23924,1,76,23924
26000,0.632344274315983,Normal,Normal,26000,82,1,78,24922,1,78,24922
27000,0.710034421645105,Normal,Normal,27000,85,1,81,25919,1,81,25919
28000,0.809063134249300,Normal,Normal,28000,86,1,82,26918,1,82,26918
29000,0.326427792664617,Normal,Normal,29000,89,1,85,27915,1,85,27915
30000,0.005484708584845,Normal,Normal,30000,93,1,89,28911,1,89,28911
31000,0.101861918345094,Normal,Normal,31000,97,1,93,29907,1,93,29907
32000,0.242253335192800,Normal,Normal,32000,98,1,94,30906,1,94,30906
33000,0.380260703153908,Normal,Normal,33000,100,1,96,31904,1,96,31904
34000,0.354157171212137,Normal,Normal,34000,101,1,97,32903,1,97,32903
35000,0.139056640211493,Normal,Normal,35000,104,1,100,33900,1,100,33900
36000,0.180684086401016,Normal,Normal,36000,107,1,103,34897,1,103,34897
37000,0.049529750831425,Normal,Normal,37000,109,1,105,35895,1,105,35895
38000,0.503121601883322,Normal,Normal,38000,111,1,107,36893,1,107,36893
39000,0.432938694953918,Normal,Normal,39000,114,1,110,37890,1,110,37890
40000,0.299781401176006,Normal,Normal,40000,118,1,114,38886,1,114,38886
41000,0.939853885676712,Normal,Normal,41000,123,1,119,39881,1,119,39881
42000,0.116403811611235,Normal,Normal,42000,126,1,122,40878,1,122,40878
43000,0.913154233712703,Normal,Normal,43000,128,1,124,41876,1,124,41876
44000,0.044346316717565,Normal,Normal,44000,135,1,131,42869,1,131,42869
45000,0.536729152780026,Normal,Normal,45000,137,1,133,43867,1,133,43867
46000,0.790786355268210,Normal,Normal,46000,141,1,137,44863,1,137,44863
47000,0.226434619631618,Normal,Normal,47000,141,1,137,45863,1,137,45863
48000,0.270451825112104,Normal,Normal,48000,145,1,141,46859,1,141,46859
49000,0.777714538387954,Normal,Normal,49000,150,1,146,47854,1,146,47854
